image_width: 640
image_height: 480
camera_name: tbotcam
camera_matrix:
  rows: 3
  cols: 3
  data: [503.06394,   0.     , 316.89092,
           0.     , 501.02666, 212.68899,
           0.     ,   0.     ,   1.     ]
distortion_model: plumb_bob
distortion_coefficients:
  rows: 1
  cols: 5
  data: [0.170809, -0.245165, -0.004728, -0.002905, 0.000000]
rectification_matrix:
  rows: 3
  cols: 3
  data: [1., 0., 0.,
         0., 1., 0.,
         0., 0., 1.]
projection_matrix:
  rows: 3
  cols: 4
  data: [517.44733,   0.     , 314.56556,   0.     ,
           0.     , 515.36871, 210.27839,   0.     ,
           0.     ,   0.     ,   1.     ,   0.     ]
